Negative_0,Neutral_1,Positive_2
0.17596913909849568,0.17671065108981954,0.6473202098116847
0.6162239853128811,0.25672277790654235,0.12705323678057656
0.8326030502049862,0.0012955385001803454,0.16610141129483352
0.8275040415694752,0.08444648410585104,0.08804947432467373
0.08508262667292399,0.6383602957718991,0.27655707755517694
0.03505343533583417,0.0018978554082594093,0.9630487092559065
0.8554081977130469,0.08163966009776401,0.06295214218918921
0.8818825152919721,0.07105139725805003,0.04706608744997795
0.569744768695981,0.0050939847505757155,0.4251612465534433
0.056359900416479786,0.1191069537588249,0.8245331458246953
0.3846273887298346,0.006325854419654002,0.6090467568505115
0.7350529294708158,0.12875167085299702,0.13619539967618713
0.6728502199994225,0.15930283422969407,0.16784694577088347
0.027839745289346768,0.024786596338484745,0.9473736583721685
0.7529761365318336,0.13619619634065705,0.11082766712750951
0.37907169071556845,0.004289553071617985,0.6166387562128135
0.9804799506870495,0.0005339011042155388,0.018986148208734784
0.7844118492431669,0.0020372272005016808,0.21355092355633143
0.029329208600431412,0.02828087280651546,0.9423899185930532
0.07701167709963914,0.03177831776101543,0.8912100051393453
0.5757250674282787,0.0032433520349339426,0.4210315805367874
0.050580082655004965,0.03533599347250566,0.9140839238724894
0.21557290117991798,0.1616621784595558,0.6227649203605262
0.5277699712724896,0.19454158765091856,0.27768844107659185
0.37332653867006727,0.4037156020188884,0.2229578593110444
0.3906861836582028,0.13930430768733915,0.470009508654458
0.7295265449222857,0.1522474700001066,0.11822598507760769
0.6407245523091041,0.21411761893881753,0.14515782875207842
0.17739404989594923,0.13252415005734072,0.69008180004671
0.754401009737015,0.06503791790050677,0.18056107236247812
0.7697361337849795,0.00958990287765322,0.22067396333736722
0.6988660049293891,0.13936321429174603,0.1617707807788648
0.1019386943199838,0.10347878874031265,0.7945825169397036
0.05943829405894971,0.19683147639722673,0.7437302295438236
0.04394000504389594,0.12217518009946855,0.8338848148566355
0.9121441394844444,0.04320843368574832,0.04464742682980744
0.4698649375267892,0.16056722365281528,0.3695678388203955
0.191698672553428,0.15776247813820493,0.650538849308367
0.5210534659522482,0.3199714327249484,0.15897510132280343
0.8458587908467976,0.00413558073057663,0.15000562842262585
0.7497560458456397,0.0024139952322527482,0.24782995892210757
0.16496419144869498,0.45658043823091865,0.37845537032038634
0.06858240208038423,0.2789341957508346,0.6524834021687812
0.0680211922073972,0.002315410041107365,0.9296633977514954
0.5782460899047027,0.006349387345556821,0.41540452274974043
0.1078186115208329,0.13180075079707332,0.7603806376820937
0.38248063868210275,0.0038445919485344342,0.6136747693693627
0.7054226332760912,0.15004301463102002,0.14453435209288876
0.92313970173702,0.041916487407389326,0.03494381085559061
0.7721695770068564,0.12439433475687946,0.10343608823626421
0.6623963878010969,0.12155425562010463,0.21604935657879842
0.58302659100574,0.0068305477001427825,0.41014286129411737
0.06621758891082319,0.1387376916167327,0.7950447194724442
0.10605328633751225,0.0016026413852512128,0.8923440722772366
0.650553742295957,0.14462730488241882,0.20481895282162424
0.9728459600682289,0.008909481128793792,0.018244558802977314
0.3169614206124914,0.1134903460254411,0.5695482333620676
0.046878084560464446,0.08355382316491804,0.8695680922746177
0.7856230521057196,0.1216094823166196,0.09276746557766076
0.14353067757394342,0.47687564837662677,0.3795936740494299
0.7197285718645275,0.003892554236533076,0.2763788738989394
0.09910854090995565,0.058825178046727856,0.8420662810433165
0.3407868422509395,0.3346964412158459,0.32451671653321457
0.1904778067876781,0.2547880437722896,0.5547341494400323
0.09130972425857985,0.14572063860518328,0.7629696371362368
0.6800743878727835,0.14741876913980248,0.172506842987414
0.34694502478525563,0.005739649324502155,0.6473153258902422
0.23301606205344938,0.6195722087004825,0.14741172924606816
0.8456467317542504,0.0020395088202469656,0.15231375942550252
0.019285698252889314,0.0009132350888461652,0.9798010666582645
0.05379756509848329,0.1025878558240136,0.843614579077503
0.8803229535561452,0.0027163489793549742,0.11696069746449984
0.07838045992600329,0.0010298942723474163,0.9205896458016493
0.0499106248728964,0.06713509502515369,0.8829542801019499
0.10201870263832429,0.544271947833128,0.35370934952854766
0.4285017024104049,0.2320812995249465,0.3394169980646486
0.9366918649806331,0.029906399147930755,0.03340173587143625
0.11267424496436712,0.0020618604917137244,0.8852638945439191
0.10166317340269948,0.6185916513195361,0.2797451752777644
0.5764562245922232,0.003565384364396041,0.41997839104338075
0.07305010618640816,0.30526703317329934,0.6216828606402925
0.2578800033055764,0.31011203792400777,0.43200795877041576
0.5417176677884383,0.08271452107583001,0.3755678111357316
0.017348271975599606,0.001040112717680708,0.9816116153067197
0.6008774362642306,0.1569797640430658,0.24214279969270372
0.10914713708746383,0.32842231272535155,0.5624305501871846
0.8378228103839344,0.07537871063978933,0.08679847897627624
0.4964777553800544,0.24995329824346038,0.2535689463764852
0.3302330762848032,0.12820119405694722,0.5415657296582496
0.8888695313382412,0.04853558393251212,0.06259488472924661
0.3994414260177985,0.12730711893749658,0.47325145504470495
0.4107793208632892,0.27070776415997583,0.31851291497673495
0.8557459564669987,0.0023498882087653046,0.14190415532423603
0.15720160995850554,0.07031854277740855,0.772479847264086
0.4680996639617712,0.0020669722676697733,0.529833363770559
0.21107980320216205,0.001585914538377012,0.7873342822594608
0.5016126221889393,0.0018940636400817084,0.49649331417097886
0.5953390537644039,0.2125227521222005,0.19213819411339564
0.1275443848670346,0.1696959276801324,0.7027596874528331
0.05298191625057378,0.0701177596507828,0.8769003240986434
0.6771618364362518,0.24630684703136216,0.07653131653238604
0.16595720872734776,0.471780328043052,0.36226246322960026
0.5639134989471999,0.002493595052096068,0.43359290600070405
0.292369559844861,0.004014057774233735,0.7036163823809053
0.10421805125054794,0.09075775282123566,0.8050241959282163
0.8792882246533559,0.07085438651238242,0.049857388834261586
0.12179100763529348,0.007786947678970285,0.8704220446857361
0.13395570289536304,0.24300250698858616,0.6230417901160509
0.0628383720640738,0.09527106198770575,0.8418905659482204
0.6628610415914815,0.004849665448289923,0.3322892929602284
0.22307923462988846,0.004134575271015369,0.7727861900990961
0.7076130213593483,0.07636738369427971,0.21601959494637193
0.26108195772989967,0.004629070288455235,0.7342889719816451
0.3220211072405212,0.0895573102975904,0.5884215824618884
0.09648079113676544,0.03655112577111235,0.8669680830921221
0.06931500233864128,0.12062615077707715,0.8100588468842816
0.12134271316177432,0.15970624045735762,0.718951046380868
0.0768852366974965,0.12214452853814782,0.8009702347643556
0.37280230317418556,0.15970081800067423,0.46749687882514035
0.01594169280323939,0.003879129646439567,0.9801791775503211
0.8251720279491398,0.08297523816428622,0.09185273388657395
0.12052340505616582,0.0028996277104552186,0.8765769672333789
0.6749020210270448,0.15757662873615552,0.16752135023679968
0.17662339394096258,0.05497959240062053,0.768397013658417
0.07713468531098903,0.0016742155316344716,0.9211910991573765
0.8435644591104662,0.002859907936256282,0.15357563295327759
0.9073084274851165,0.029458199341655167,0.06323337317322839
0.9169911346307646,0.05010912935838987,0.0328997360108454
0.9547857551943767,0.001156803638791664,0.044057441166831544
0.9604799504979508,0.02138886685895099,0.018131182643098372
0.719582243792115,0.12207717281648195,0.15834058339140303
0.06472954546533354,0.002029087413637397,0.933241367121029
0.18899535193748143,0.2262565421776026,0.584748105884916
0.5918308192309992,0.29962491958076615,0.10854426118823461
0.8634513799963323,0.02555470269649408,0.1109939173071736
0.01588145470164278,0.002614926260751469,0.9815036190376057
0.2086379122388399,0.0020542660415251257,0.789307821719635
0.14178898000094628,0.009722209872720383,0.8484888101263334
0.8381384712086328,0.10226614378550558,0.0595953850058616
0.18457429213177887,0.6248336689735963,0.19059203889462498
0.5382911999071588,0.18233706910340805,0.27937173098943324
0.13259468740626207,0.18575395495588123,0.6816513576378567
0.9515030342426721,0.025464759547519724,0.02303220620980805
0.7310616567593149,0.05446651584902477,0.21447182739166037
0.38863423859990026,0.0043343012941109114,0.6070314601059887
0.12783204114398922,0.006240441439650939,0.8659275174163598
0.7212107063016897,0.13371523865965207,0.1450740550386582
0.8275756973461253,0.07146079006154317,0.10096351259233134
0.2177938839393232,0.3882316279558536,0.3939744881048232
0.9788683996580708,0.0008371990290139222,0.02029440131291533
0.3549175062272672,0.4092147225562029,0.23586777121652988
0.07945206430514022,0.14551172816312427,0.7750362075317355
0.9675804792871437,0.0010015223091806944,0.031417998403675616
0.8929224308341798,0.0749998281179917,0.03207774104782847
0.6574760671702186,0.004024674405232598,0.3384992584245489
0.8550687957427753,0.05486770724820791,0.09006349700901689
0.2970025016473057,0.005668208497717177,0.6973292898549772
0.9641264927976915,0.0017012225970360428,0.0341722846052724
0.8360423103236437,0.08707802434128949,0.07687966533506678
0.07581856260342876,0.23435154987908366,0.6898298875174875
0.6658287796458904,0.10076183228491316,0.2334093880691964
0.9345845166617245,0.0031556347354669474,0.06225984860280855
0.40068398054442417,0.002578622173003937,0.5967373972825718
0.8308843631095683,0.051122454722924225,0.11799318216750761
0.29745723610614955,0.09149496631051668,0.6110477975833338
0.7911055867978689,0.002558397768988193,0.2063360154331428
0.12558392378936958,0.001606014955495336,0.872810061255135
0.2597063275158203,0.2800272784112045,0.46026639407297526
0.36369793836909636,0.14335439149797946,0.4929476701329241
0.8947210095262541,0.005709965456783553,0.09956902501696223
0.937992508853197,0.0022733987321413474,0.059734092414661634
0.6820039278478495,0.1977007590440523,0.12029531310809816
0.9444051601055126,0.0020056516864394238,0.05358918820804803
0.24914224998413417,0.3455653864414061,0.4052923635744597
0.11323878910128755,0.3662373820626787,0.5205238288360338
0.11034963362930907,0.25396193170943926,0.6356884346612517
0.8224460966083381,0.07096847218970055,0.10658543120196122
0.06501519082825595,0.2704663315761772,0.6645184775955668
0.07865302667049881,0.10909989539733482,0.8122470779321663
0.029833017071008213,0.0013782127392860473,0.9687887701897058
0.8174372047218955,0.0021833951398997826,0.18037940013820472
0.861570371066945,0.0013641727911010806,0.1370654561419539
0.07190633462998143,0.001067427801975121,0.9270262375680435
0.7678874800545087,0.14086346282092294,0.09124905712456825
0.7184403482526203,0.00357782347720562,0.2779818282701742
0.6428508512636089,0.1537105815045073,0.20343856723188383
0.9004431900189935,0.042129591681114124,0.05742721829989247
0.775687464328137,0.12275088617004844,0.10156164950181458
0.9186488323549759,0.001412335961929221,0.07993883168309494
0.15757600486266307,0.4224388690960124,0.41998512604132454
0.4370942184431723,0.003331360284904109,0.5595744212719236
0.05939631740935523,0.27176830178753303,0.6688353808031118
0.8647027012637838,0.005471840691774643,0.12982545804444154
0.4514612526453064,0.3073350755105308,0.2412036718441628
0.24779461119989407,0.002804992198512072,0.7494003966015939
0.51905297398122,0.11116129382482347,0.36978573219395655
0.6100846216045276,0.16988614358160659,0.2200292348138658
0.6108592234339111,0.19065000422602654,0.1984907723400623
0.3374089148270432,0.4792181605439021,0.1833729246290546
0.16200826215344752,0.002531224303114383,0.835460513543438
0.043796426862681065,0.06010909283659735,0.8960944803007216
0.5797362708157802,0.13187337774350447,0.2883903514407153
0.14096462164713383,0.3532896932019143,0.505745685150952
0.21035947024520066,0.3075404726463055,0.48210005710849374
0.7746080996332783,0.16748018214304924,0.05791171822367249
0.506246523827033,0.33429859695427494,0.15945487921869214
0.8415279224342586,0.06485866164489973,0.09361341592084171
0.10449755434603573,0.6333215825736204,0.2621808630803439
0.1415090853714474,0.326518008927334,0.5319729057012186
0.7469092705072248,0.001998948004616976,0.2510917814881583
0.4395313538756633,0.2488989703514705,0.31156967577286626
0.6647463585447546,0.17300542696394924,0.16224821449129623
0.05211060654396495,0.03603448001182777,0.9118549134442073
0.3269750440415529,0.11597245113608118,0.5570525048223659
0.7613927533067075,0.09284319051137079,0.1457640561819218
0.5366360761590645,0.1335701475005134,0.3297937763404221
0.32393371386870085,0.11231860542802478,0.5637476807032744
0.35333608501080427,0.0165339146989643,0.6301300002902315
0.17421387785593634,0.003165932815584772,0.8226201893284788
0.8600266325129201,0.07946173524063598,0.06051163224644396
0.19713706014133656,0.5190969322018888,0.28376600765677457
0.7463235053953633,0.10040363689804,0.15327285770659668
0.061011971965208474,0.09147019182420772,0.8475178362105839
0.37337810121226167,0.34074124648362974,0.2858806523041086
0.2418867145946053,0.07117332513603541,0.6869399602693592
0.6467818056722598,0.14615598992340953,0.20706220440433065
0.07037310550450622,0.17138433791048466,0.7582425565850092
0.8947634060035918,0.059872482928478216,0.04536411106792979
0.8224835445791259,0.0035827199995980903,0.17393373542127613
0.719874020858887,0.0034763109180546204,0.2766496682230585
0.5938295546909974,0.11379467294479573,0.2923757723642069
0.3359047377842357,0.005222843019916175,0.6588724191958482
0.13731020067336774,0.48991353195885506,0.3727762673677771
0.23384834711563865,0.22816831184128636,0.5379833410430751
0.08313278929435584,0.10179515540955085,0.8150720552960934
0.08392755995126237,0.14893962208858716,0.7671328179601504
0.11060779895930062,0.0022432352350128214,0.8871489658056867
0.611833770244541,0.00308426479855582,0.3850819649569033
0.03232488714783491,0.04205689067336129,0.9256182221788039
0.5906638557964584,0.0723731783178825,0.33696296588565905
0.3002088601043962,0.0046736564347201045,0.6951174834608839
0.16602756077508227,0.14395428040787414,0.6900181588170436
0.9572412732252848,0.009574904707031597,0.033183822067683576
0.14772117624868186,0.0034844129999764308,0.8487944107513418
0.2788988271805672,0.12896078676972783,0.5921403860497049
0.5269859369882374,0.0032012258198317657,0.46981283719193084
0.2302143397081843,0.003733535942664097,0.7660521243491516
0.09136891230355247,0.18494522352705633,0.7236858641693912
0.9484661690187611,0.001652400083466821,0.04988143089777191
0.6861705880753192,0.003744929161502514,0.3100844827631784
0.9244516013600425,0.0009355370721214513,0.07461286156783607
0.108517361287734,0.16241093060193504,0.729071708110331
0.6898106569562912,0.0685979585815732,0.2415913844621356
0.021520328642660878,0.01370410109722877,0.9647755702601103
0.38352167724139125,0.003340458776190285,0.6131378639824185
0.5319693768334365,0.20566722496228826,0.26236339820427523
0.7558893792259577,0.09779724870910521,0.14631337206493708
0.13137191356086184,0.007449241163765271,0.8611788452753729
0.8474699350772612,0.08717178685269933,0.06535827807003938
0.1337405643263458,0.004969619678463935,0.8612898159951903
0.8196247779964261,0.005114039369833176,0.17526118263374083
0.870518856624758,0.05839773357595964,0.07108340979928222
0.49005530879752407,0.00226701724469068,0.5076776739577853
0.3591753730579554,0.16778444077621155,0.47304018616583304
0.46785328900311346,0.33360977757175947,0.19853693342512724
0.6634691266182103,0.1978383546332091,0.13869251874858055
0.14019222914622145,0.09551350953384631,0.7642942613199323
0.15135657962533447,0.18571782779296983,0.6629255925816958
0.33004263461296396,0.4350466748330292,0.23491069055400682
0.9576155249307012,0.0009228800436530725,0.041461595025645635
0.05947937513258194,0.1493324194709804,0.7911882053964376
0.3184751579726478,0.0022252656448118273,0.6792995763825403
0.4622533495857901,0.2712394599872277,0.2665071904269821
0.7673802214100024,0.15244465086405526,0.0801751277259423
0.8536278767471807,0.0023029627980305782,0.14406916045478882
0.6386609820917754,0.16601070042700025,0.19532831748122437
0.3514028892880609,0.12425362898863172,0.5243434817233075
0.8553758050308623,0.0014316544267585541,0.1431925405423793
0.4647034143703561,0.11098861600989107,0.42430796961975287
0.49052876710184945,0.1664906709150169,0.34298056198313365
0.6358829490601283,0.10005074616884874,0.2640663047710229
0.8476260299718898,0.002171614348846745,0.15020235567926324
0.44463595870365563,0.3493904659351825,0.20597357536116193
0.32185728979394296,0.20105865528449948,0.4770840549215576
0.10055011511581609,0.30399226865243295,0.595457616231751
0.6440956097711097,0.19350598415315745,0.1623984060757329
0.49117461317860894,0.0027770032059024788,0.5060483836154887
0.4290961745966977,0.11881315118544943,0.45209067421785293
0.44451623581708155,0.4290777080803288,0.1264060561025896
0.8977293529039955,0.0016929774868299108,0.10057766960917468
0.9320326116045855,0.037921569910028874,0.030045818485385605
0.04418356469417614,0.0014096244201314732,0.9544068108856923
0.3486799726461123,0.39324599516762465,0.25807403218626307
0.19388889453076627,0.0018225714674755835,0.8042885340017581
0.7332140915014259,0.14303886282128353,0.12374704567729052
0.7274280529494757,0.004720802505528802,0.2678511445449954
0.3809082264258816,0.004257425623114967,0.6148343479510034
0.1341361052562389,0.35626812730167884,0.5095957674420822
0.045472305964588546,0.006548991162067795,0.9479787028733438
0.693641032130747,0.17285592271475214,0.13350304515450087
0.1079731800176875,0.1649060913891464,0.7271207285931661
0.05090677905179084,0.08675570356128166,0.8623375173869275
0.6786417324835563,0.004874457102560396,0.31648381041388324
0.0952995362438006,0.13362980550591963,0.7710706582502797
0.621940413870216,0.0032580600909060797,0.3748015260388778
0.8882126586300615,0.0060492882778094585,0.10573805309212912
0.6534725156881055,0.20975696305560268,0.13677052125629174
0.5719824972109774,0.0037298560520850643,0.42428764673693764
0.16442515363533697,0.24437535169419036,0.5911994946704727
0.30075220182769247,0.003378622735862468,0.6958691754364451
0.20943693822483433,0.299759778226296,0.49080328354886976
0.05672419993400299,0.038033092348619645,0.9052427077173774
0.1103543543225153,0.0035253037948957872,0.8861203418825889
0.7105769829337768,0.1975971972537748,0.0918258198124484
0.40184509022784765,0.06177293997700675,0.5363819697951455
0.3665387673520661,0.3290486886653204,0.3044125439826135
0.2128566844212406,0.16141686290822319,0.6257264526705363
0.7665111950353852,0.1451779287174241,0.08831087624719063
0.11136980417210511,0.0016342001047457402,0.8869959957231491
0.596113725775561,0.003781650644436471,0.4001046235800026
0.035052268055109165,0.08723286997954144,0.8777148619653494
0.4539661341263776,0.0014147993591524096,0.54461906651447
0.8680626133218093,0.0014252039155976616,0.13051218276259302
0.7164599018250897,0.13969340471773653,0.14384669345717377
0.3512829459012436,0.2291838370498712,0.41953321704888524
0.045308851648704136,0.061519374442668945,0.893171773908627
0.05417202584817924,0.060148950577550785,0.8856790235742701
0.7812286661270144,0.0041513698983043955,0.2146199639746813
0.17220639730889978,0.002166371095658591,0.8256272315954417
0.05769127557971221,0.08045335834994342,0.8618553660703444
0.7871528911509582,0.11486193694909408,0.09798517189994778
0.6879272354558273,0.002949340180270203,0.30912342436390244
0.15067981789398904,0.24581362229639725,0.6035065598096138
0.339635847522858,0.17635125401680782,0.4840128984603342
0.7201807359108819,0.0025899330621312424,0.2772293310269868
0.6352898184370391,0.1901768923220968,0.174533289240864
0.48483550075798076,0.30276265471530567,0.2124018445267136
0.641204381437725,0.002323466199702843,0.3564721523625722
0.7979790540234021,0.05280096989270098,0.14921997608389692
0.11238764802453177,0.1266465215527873,0.7609658304226808
0.8133769465361027,0.11976779094635161,0.06685526251754557
0.5194870396101106,0.0028126548057274027,0.47770030558416204
0.9510775405957927,0.0016078265982464618,0.04731463280596074
0.8168322937659237,0.11020843163226683,0.07295927460180952
0.46695397295899416,0.27010344679418435,0.26294258024682154
0.30384850977043837,0.003348623385957552,0.692802866843604
0.0637381019456395,0.27763370148699806,0.6586281965673624
0.10737550566065517,0.4513129187870069,0.441311575552338
0.08778259793658372,0.03544222750509709,0.8767751745583192
0.03768488897406549,0.00066645678197764,0.9616486542439567
0.11665738479585773,0.004155856598616606,0.8791867586055256
0.44941727818742616,0.0025479739717915425,0.5480347478407824
0.2342719044559277,0.27772639998272736,0.48800169556134504
0.08444492399178287,0.04088315108371887,0.8746719249244982
0.6400535622635374,0.2443660361284814,0.11558040160798129
0.5441617701187408,0.3778188197746935,0.07801941010656578
0.8381713529801846,0.0020739840461967674,0.15975466297361857
0.9395447452334027,0.032254578500380944,0.028200676266216324
0.2813311639598536,0.18589736661221543,0.532771469427931
0.029966204000578266,0.0012165937537394658,0.9688172022456824
0.7363741518027984,0.18550017254894546,0.07812567564825618
0.956841437530796,0.0009354868398859375,0.042223075629317985
0.5559383599140398,0.187812573674356,0.2562490664116041
0.7585423499849481,0.08274883559427015,0.1587088144207818
0.6047627931809152,0.006965726766154429,0.38827148005293033
0.1866042342995233,0.6898235266138487,0.12357223908662791
0.04348857154790419,0.04141884067325625,0.9150925877788397
0.41311295201458603,0.4099658920807119,0.17692115590470212
0.8360501753613967,0.04730632238543891,0.11664350225316439
0.12665485319356282,0.0009551786346139749,0.8723899681718231
0.20404696208525255,0.0022482678315313893,0.7937047700832162
0.046721747390630085,0.013990657708293164,0.9392875949010767
0.03256377687750711,0.0020536375553091087,0.9653825855671837
0.7452740276113392,0.00247477504368127,0.25225119734497964
0.09524854467554256,0.0867249542627327,0.8180265010617246
0.8401611488022377,0.0752519160452016,0.08458693515256072
0.14818189869793008,0.22641689028675818,0.6254012110153119
0.9796110870781304,0.0006476632316492549,0.019741249690220414
0.9475138355057838,0.0014328424502737939,0.051053322043942424
0.6684726066069331,0.08712646536214243,0.2444009280309245
0.6127695877615575,0.07366197707082915,0.31356843516761324
0.4475908278911833,0.0021668908868694727,0.5502422812219473
0.7783903396627777,0.0034844897702257776,0.21812517056699654
0.9751926581365201,0.0013670323367527537,0.02344030952672714
0.47583016374874704,0.14883815760622285,0.37533167864503003
0.6942307538091254,0.10978774361644512,0.1959815025744295
0.6043772714513533,0.15508539707736327,0.24053733147128345
0.5647513100704552,0.18154011701351233,0.2537085729160325
0.036250323540331315,0.04463156395120787,0.9191181125084609
0.08230717473537569,0.2823540704474558,0.6353387548171685
0.21355713631637366,0.0039845455777431735,0.7824583181058832
0.5191828070701758,0.12094778227530308,0.35986941065452105
0.6282252476524671,0.006583721563755041,0.36519103078377785
0.7519605723071735,0.001318964457221309,0.24672046323560512
0.9605578486821363,0.0007543653163103152,0.038687786001553204
0.09245156840175221,0.06628126656223783,0.84126716503601
0.1258599809759913,0.3279565653934877,0.5461834536305209
0.2481843316930139,0.10642548116567752,0.6453901871413086
0.9525457105431764,0.0012049741102919292,0.046249315346531865
0.5726898396461123,0.0742035322358079,0.35310662811807986
0.32542561945643944,0.20733885957256185,0.46723552097099863
0.8995949250531384,0.026537611683168354,0.07386746326369324
0.05141169814032801,0.13574806093561442,0.8128402409240575
0.33299077081600253,0.22247464450558763,0.44453458467840984
0.18836907966318575,0.003165056346420803,0.8084658639903933
0.6077133046373514,0.005703484128150336,0.3865832112344983
0.14723898305009012,0.003813226618696424,0.8489477903312134
0.29296035601817555,0.38716742271978105,0.31987222126204334
0.12272564658584202,0.0026283517679679988,0.8746460016461901
0.2160276163496185,0.10256864877300403,0.6814037348773775
0.8970199193919296,0.003343048230349806,0.0996370323777206
0.4515320331726129,0.3603730699066218,0.1880948969207652
0.16697772301964897,0.11955610088420175,0.7134661760961493
0.7506719026403678,0.0060468747889159645,0.2432812225707163
0.15377595723448256,0.004039395607604215,0.8421846471579132
0.8809060816655129,0.0018040590697823622,0.11728985926470474
0.9315153896827767,0.0011054249918511104,0.06737918532537221
0.8859501349050029,0.04792433343107396,0.06612553166392321
0.8994149297028957,0.004995249376360924,0.09558982092074335
0.8477307142207705,0.05694085320017337,0.09532843257905611
0.9587314027999788,0.0010146620552668954,0.04025393514475433
0.26508963332090013,0.3487244380751611,0.3861859286039388
0.5726760675571431,0.18639811210161353,0.24092582034124344
0.09589694849531018,0.09943441115745688,0.8046686403472328
0.5796007715303082,0.19636159003688106,0.22403763843281066
0.16766563890937292,0.19859652920717674,0.6337378318834503
0.39020554193061074,0.16857335876811128,0.441221099301278
0.5005070462941495,0.34595504496630697,0.15353790873954348
0.29702690822464195,0.0044358569822820475,0.698537234793076
0.8535504341767797,0.09371075294838505,0.05273881287483537
0.3976564439737877,0.2970467919125879,0.30529676411362444
0.446201234003374,0.14855082662030855,0.4052479393763175
0.6081788424191222,0.14449314293805118,0.24732801464282664
0.134810379418247,0.18313299976354502,0.6820566208182081
0.8440241835684441,0.08731752891126414,0.06865828752029172
0.10493432846269579,0.3622605184567656,0.5328051530805387
0.13106153427769704,0.4684408380330451,0.40049762768925795
0.9231674049499272,0.0015637436561359048,0.07526885139393681
0.20462618942055213,0.10611314742746232,0.6892606631519854
0.38277035114368035,0.10017752771634429,0.5170521211399755
0.33973832246124297,0.320898864451678,0.3393628130870791
0.5868695602046915,0.18314436124640218,0.2299860785489064
0.8065532523376424,0.1159876911959883,0.0774590564663693
0.4857660077675741,0.2551241305668675,0.2591098616655583
0.2547029663037384,0.10291717959082824,0.6423798541054334
0.9070233856576003,0.02523191051966536,0.06774470382273416
0.7378121917282279,0.15607607367444257,0.10611173459732964
0.13121862556955974,0.008670722097304526,0.8601106523331358
0.7750799137294878,0.003095218749159072,0.22182486752135322
0.9518500238272827,0.02195098712739237,0.026198989045324958
0.4211107071409171,0.005266697387981311,0.5736225954711015
0.8274151961571222,0.09487210630447356,0.07771269753840436
0.5058938784678545,0.294686707216455,0.19941941431569055
0.0701732835273658,0.14245338241492364,0.7873733340577106
0.19280099885187837,0.002724067968536772,0.8044749331795847
0.19666568028470635,0.0021635497425975354,0.8011707699726961
0.702190342857819,0.002310698029286989,0.29549895911289403
0.8915278734874869,0.04940708122680738,0.05906504528570577
0.29697401357117564,0.1336710105518049,0.5693549758770196
0.6343385224011956,0.16010360843841653,0.20555786916038787
0.9273377382315129,0.005528735617566131,0.06713352615092101
0.5968916977379011,0.20811998017179276,0.19498832209030614
0.918483157536048,0.049779358110817705,0.031737484353134136
0.3572378608891385,0.19433368131556983,0.44842845779529167
0.15940870791995543,0.10955652503914286,0.7310347670409018
0.8462232519662232,0.10065812490934191,0.05311862312443488
0.26936765615730845,0.049302793485292234,0.6813295503573994
0.8176971740974389,0.0021126812324627417,0.18019014467009828
0.08012049095592548,0.0019801437486252666,0.9178993652954492
0.8195889419151171,0.06667619160415056,0.11373486648073228
0.8067610069255219,0.07805882348212222,0.11518016959235589
0.26667351650924254,0.42085598174637484,0.31247050174438257
0.5200471878851113,0.003247438095637579,0.4767053740192512
0.3364148953949342,0.005661821983133252,0.6579232826219327
0.7122920659419666,0.1020358099941374,0.18567212406389602
0.9031465192217918,0.005870247184822736,0.09098323359338549
0.09049399575456973,0.005256787755148859,0.9042492164902813
0.7344025659120706,0.19814615215314726,0.06745128193478209
0.8700340729133341,0.06336512682541763,0.06660080026124825
0.14960497404493303,0.2846761025612725,0.5657189233937944
0.6594958994512263,0.2051660549576002,0.13533804559117343
0.0918122220578852,0.10306913191277085,0.8051186460293439
0.8588168599831522,0.04336994493979635,0.09781319507705155
0.07189183507158577,0.03782286170932403,0.8902853032190903
0.9027409695117393,0.05565570131559163,0.041603329172669186
0.8550086697801854,0.06729626149024245,0.07769506872957214
0.628494593303198,0.1553534935097867,0.21615191318701532
0.03848477901481789,0.015348557341840837,0.9461666636433413
0.8474401296120561,0.0904966609529107,0.06206320943503326
0.5873400518794699,0.0027734905943526534,0.4098864575261774
0.6177871259411862,0.20427969921887446,0.1779331748399393
0.14423727885543736,0.230816085371953,0.6249466357726097
0.04559103579283629,0.033656820538130766,0.9207521436690329
0.23955834522114225,0.22270326445065516,0.5377383903282027
0.16837135118920257,0.4912897863900618,0.3403388624207357
0.17496405653435154,0.21062633715067017,0.6144096063149783
0.29386736492855087,0.42016343497715086,0.2859692000942982
0.1302908623262993,0.23927996502036306,0.6304291726533376
0.12562337072430113,0.1292874256232352,0.7450892036524636
0.015165567215282639,0.0006572201543557648,0.9841772126303616
0.6400522513837356,0.040398697298954483,0.3195490513173099
0.24051642053821218,0.16707907341856235,0.5924045060432256
0.7993183107634643,0.0033822809147962276,0.19729940832173942
0.08789888411318163,0.19793083364046726,0.714170282246351
0.7984868203519421,0.10108332765412835,0.10042985199392962
0.5151335151176692,0.22543988867627784,0.2594265962060529
0.1511885512483184,0.17764515451478533,0.6711662942368962
0.03839576972125408,0.04731420644577477,0.9142900238329711
0.34161216341538503,0.04087491383773439,0.6175129227468806
0.7218518185778361,0.05829574457966558,0.21985243684249833
0.03768871290265442,0.030473133194843665,0.9318381539025019
0.6281577050114552,0.1339476857084339,0.23789460928011094
0.10807772667578101,0.12701792911913692,0.7649043442050821
0.13178895721304215,0.34924516049387183,0.5189658822930859
0.528368112363841,0.1682873186062568,0.3033445690299022
0.06801403912239846,0.004825209331134759,0.9271607515464666
0.6630420608385513,0.22563604331989895,0.11132189584154963
0.7528884750732135,0.0030173581407384746,0.2440941667860481
0.335847417066878,0.4160560686995614,0.24809651423356058
0.17622167739463238,0.40683781360366905,0.4169405090016986
0.7694191900569799,0.08765509168293413,0.14292571826008604
0.8063612125971273,0.003534234020536956,0.1901045533823357
0.43107767046332435,0.1983550418790935,0.37056728765758223
0.48862785190616026,0.0033017510772634616,0.5080703970165762
0.7452988759391413,0.15975433726846502,0.09494678679239354
0.41711423083672333,0.3334082504751012,0.24947751868817547
0.5538181002106516,0.281770182671095,0.1644117171182534
0.39311345656265423,0.006942432679726745,0.599944110757619
0.09067161459763355,0.09686750484462682,0.8124608805577397
0.4562025996785763,0.2313722609433786,0.3124251393780452
0.30572169473045646,0.0773833053471089,0.6168949999224346
0.521266525723807,0.13693763584505206,0.3417958384311408
0.3315906990422215,0.25719593650612965,0.41121336445164886
0.2887912495146865,0.38828438051940434,0.3229243699659091
0.19461795157154063,0.0047608874998295815,0.8006211609286297
0.18420600437616477,0.41171204885367096,0.40408194677016424
0.8190093234848627,0.001570181060158925,0.17942049545497837
0.045789614422466075,0.04625966184662489,0.907950723730909
0.23640514457915485,0.5065414134237392,0.25705344199710595
0.42152283717425254,0.08112578540970077,0.49735137741604674
0.23089663922316153,0.07494141955657536,0.6941619412202632
0.9813401694947214,0.0010215643131550583,0.017638266192123442
0.10716704723014098,0.000876152095886247,0.8919568006739728
0.049155155315656486,0.14857859139179172,0.8022662532925517
0.4528766156261989,0.3030490551784321,0.244074329195369
0.08898586159782708,0.3515043180623449,0.559509820339828
0.11823915189462968,0.00254449073053683,0.8792163573748336
0.1903228556664085,0.3622491895580293,0.44742795477556224
0.970647698614067,0.0009526684393238364,0.028399632946609358
0.1583605259329829,0.05227987358230551,0.7893596004847115
0.3254431044071189,0.2007048894035912,0.4738520061892899
0.48575650368466716,0.003740565061286573,0.5105029312540461
0.21023217142979886,0.39643179416094476,0.39333603440925646
0.1140873172031747,0.39403714883338514,0.49187553396344014
0.3700164136034169,0.2633676870858716,0.36661589931071153
0.29008707820073315,0.0018326722893428045,0.7080802495099241
0.9770998952963698,0.007972268950136153,0.014927835753494151
0.9109713195264894,0.002992766381356083,0.08603591409215454
0.0190932622240703,0.021744787819768446,0.9591619499561613
0.34203680205382425,0.0027319689934179043,0.6552312289527579
0.23842530144381016,0.3124324207426165,0.44914227781357335
0.8232285181577974,0.0015471867111820983,0.17522429513102042
0.11301962442409123,0.3476229949831056,0.5393573805928031
0.20162936613086122,0.003961963656337125,0.7944086702128018
0.45985900284666165,0.1694955995808254,0.37064539757251297
0.14527778489029522,0.3230038831583783,0.5317183319513265
0.4317577371815949,0.2451608738588186,0.3230813889595865
0.3684500905171391,0.15939490902081271,0.47215500046204806
0.737029094178283,0.07226735261558657,0.19070355320613044
0.34402709448375307,0.07410163028582355,0.5818712752304234
0.7172906463434178,0.00110158134032722,0.281607772316255
0.11070458419784657,0.03407009869592671,0.8552253171062268
0.4378604481554524,0.12056041831014692,0.44157913353440065
0.3355216900874313,0.2012469534071072,0.46323135650546154
0.30721844721378155,0.24308469654454057,0.4496968562416779
0.7438935618876718,0.15430750761231524,0.10179893050001303
0.3043821411921068,0.00531445905088011,0.690303399757013
0.05368688289210285,0.05962813374274958,0.8866849833651474
0.7406943256522757,0.0015126851810551196,0.25779298916666943
0.3703802690411551,0.006267799256193085,0.6233519317026518
0.7737651200953647,0.13624809952593475,0.08998678037870049
0.06685189836328716,0.18928736252510103,0.7438607391116118
0.07925564218986318,0.211599429943935,0.7091449278662019
0.5182203704779534,0.1575937394382491,0.32418589008379756
0.8333281007286754,0.002185291526688273,0.16448660774463628
0.9300267948499052,0.001644364643053975,0.06832884050704073
0.8971821809408871,0.051148758081792194,0.05166906097732075
0.3525491648642293,0.363997950239118,0.2834528848966527
0.14128289369838912,0.6480235006952727,0.2106936056063381
0.7200589733606201,0.07353182915551779,0.20640919748386208
0.10595857901100054,0.15618661359388877,0.7378548073951107
0.6069059319194442,0.1590714985453882,0.23402256953516756
0.8056595760308062,0.11240741175561414,0.08193301221357953
0.0423984109082178,0.04374115288898687,0.9138604362027953
0.9054824295302355,0.0024699161868094585,0.09204765428295507
0.1727841179702264,0.1770898671505864,0.6501260148791873
0.04144898145755053,0.028707259553384948,0.9298437589890645
0.8468691642777842,0.0010338858905582992,0.15209694983165747
0.07826906925519163,0.07296137847834644,0.8487695522664619
0.533907643332185,0.00239553696871882,0.46369681969909626
0.5306992325652369,0.08673808082948846,0.38256268660527465
0.20281733651846703,0.03554285889029621,0.7616398045912368
0.036217143123436164,0.0024585722843019635,0.9613242845922619
0.34784105380568936,0.01077229794490888,0.6413866482494016
0.17376818169171634,0.09436872278160131,0.7318630955266823
0.20780932762840099,0.17139271404715348,0.6207979583244455
0.3624661990125917,0.14693736726747728,0.49059643371993106
0.4992927266524738,0.12324924951487104,0.3774580238326552
0.70357390399607,0.0037069217912228613,0.29271917421270716
0.704141260753857,0.17367589018986196,0.12218284905628109
0.8207809911780534,0.002058694258887974,0.17716031456305878
0.5723625058476091,0.002959446990552722,0.42467804716183827
0.1880362537833833,0.38423506819229925,0.4277286780243175
0.13442513953320837,0.3158905479617065,0.5496843125050851
0.09038145705578253,0.0011429763255356282,0.9084755666186819
0.45710556652107365,0.15118628283421814,0.39170815064470826
0.6596930858020987,0.1248958628643086,0.2154110513335925
0.43717548546304136,0.20593112907788336,0.3568933854590753
0.8022934685689062,0.05395207960888878,0.14375445182220511
0.5217210741500964,0.19827543762196978,0.2800034882279338
0.042335745790517354,0.07459078588704399,0.8830734683224386
0.875524673738045,0.06126833063305362,0.06320699562890127
0.051641604430559505,0.0009068817707347425,0.9474515137987058
0.5113960266198204,0.002467539155358437,0.48613643422482117
0.6711397706050214,0.10427962215313247,0.22458060724184614
0.9440731483040148,0.0017374482325606406,0.05418940346342463
0.7535524865157278,0.0866144635148549,0.15983304996941722
0.41614486743760204,0.2506810826438229,0.33317404991857513
0.5636548728198899,0.3049231510719743,0.1314219761081357
0.817457053649984,0.08923782449832918,0.09330512185168686
0.36381159361365273,0.15431156041463098,0.48187684597171637
0.11513515274527782,0.15559785678347027,0.7292669904712518
0.7133005519160043,0.14529653055963904,0.14140291752435666
0.21850464351280288,0.0030964571483656747,0.7783988993388314
0.2453286990977472,0.20871979403369076,0.5459515068685621
0.44204553471633407,0.18982063097856047,0.36813383430510555
0.12147434194858465,0.1333217261528616,0.7452039318985536
0.8724556981796118,0.07122560213831274,0.0563186996820757
0.397237020351006,0.13485806883621518,0.4679049108127788
0.5534696496690512,0.21006349608784794,0.2364668542431008
0.4071462067875711,0.2627522669825342,0.3301015262298947
0.8738565730716191,0.0010554656723118386,0.12508796125606894
0.0579446964132434,0.0009110890635315659,0.941144214523225
0.5243119672730575,0.3358452388398399,0.1398427938871026
0.3607280486160683,0.005875833189394886,0.6333961181945368
0.013156986521042835,0.007079910955517577,0.9797631025234396
0.8397562238949804,0.065174616763121,0.09506915934189858
0.15121227155052622,0.43469787966484336,0.41408984878463045
0.5822327245517634,0.06582083563091311,0.3519464398173235
0.26348379284766826,0.37071424750568865,0.365801959646643
0.4195427195966576,0.05398617164610909,0.5264711087572334
0.0835619192838415,0.09526982344434769,0.8211682572718108
0.06747935785450243,0.22761756032021954,0.7049030818252779
0.7325895841419944,0.13026733775949143,0.13714307809851414
0.041558045575036895,0.15613731632580247,0.8023046380991606
0.3660849062569496,0.311274038178218,0.32264105556483236
0.7877302317947431,0.01223680577001443,0.2000329624352425
0.22997749174631374,0.00395186507215016,0.7660706431815361
0.824430927769059,0.0020839975807486876,0.17348507465019222
0.11182983691320365,0.121913667290885,0.7662564957959113
0.8262705766242124,0.04443062381306969,0.12929879956271792
0.33502637673878094,0.059457923379511536,0.6055156998817076
0.07453052684791768,0.1009881786386722,0.8244812945134101
0.20577686342472226,0.4079519126963443,0.3862712238789335
0.6305030198408799,0.10333527648067548,0.26616170367844466
0.9435934639381779,0.0036174531747242486,0.0527890828870978
0.752672402337863,0.07850068038382989,0.1688269172783071
0.5688433523387393,0.003323276038417354,0.42783337162284346
0.18112997767292435,0.23458724245294413,0.5842827798741316
0.30556508679623673,0.486766181454354,0.20766873174940917
0.22342849050389338,0.21069383059137003,0.5658776789047365
0.2629355650051273,0.056527665319775044,0.6805367696750976
0.27489147799339203,0.00291182708071575,0.7221966949258922
0.05069012416024452,0.10031465551130342,0.8489952203284522
0.14255380748319005,0.06892276314533187,0.7885234293714781
0.5484162508609763,0.006063315089483855,0.4455204340495398
